Index,TIME,V(OUT),V(IN)
0,0.00000000e+00,0.00000000e+00,0.00000000e+00
1,5.00000000e-12,2.57784490e-10,2.50000000e-02
2,1.50000000e-11,1.80449141e-09,7.50000000e-02
3,3.50000000e-11,6.96018109e-09,1.75000000e-01
4,7.50000000e-11,2.96452150e-08,3.75000000e-01
5,1.55000000e-10,1.24509896e-07,7.75000000e-01
6,3.15000000e-10,5.12217668e-07,1.57500000e+00
7,6.35000000e-10,2.07954653e-06,3.17500000e+00
8,1.00000000e-09,5.15633062e-06,5.00000000e+00
9,1.06400000e-09,5.81625816e-06,5.00000000e+00
10,1.19200000e-09,7.13611288e-06,5.00000000e+00
11,1.44800000e-09,9.77582162e-06,5.00000000e+00
12,1.96000000e-09,1.50552349e-05,5.00000000e+00
13,2.98400000e-09,2.56140448e-05,5.00000000e+00
14,5.03200000e-09,4.67315977e-05,5.00000000e+00
15,9.12800000e-09,8.89664359e-05,5.00000000e+00
16,1.73200000e-08,1.73435042e-04,5.00000000e+00
17,3.37040000e-08,3.42367973e-04,5.00000000e+00
18,6.64720000e-08,6.80216713e-04,5.00000000e+00
19,1.32008000e-07,1.35584570e-03,5.00000000e+00
20,2.63080000e-07,2.70682978e-03,5.00000000e+00
21,5.25224000e-07,5.40770270e-03,5.00000000e+00
22,1.04951200e-06,1.08050705e-02,5.00000000e+00
23,2.09808800e-06,2.15823177e-02,5.00000000e+00
24,4.19524000e-06,4.30670471e-02,5.00000000e+00
25,8.38954400e-06,8.57589480e-02,5.00000000e+00
26,1.67781520e-05,1.70044419e-01,5.00000000e+00
27,3.35553680e-05,3.34315428e-01,5.00000000e+00
28,6.71098000e-05,6.46376706e-01,5.00000000e+00
29,1.00664232e-04,9.37565969e-01,5.00000000e+00
30,1.34218664e-04,1.20927923e+00,5.00000000e+00
31,1.67773096e-04,1.46281912e+00,5.00000000e+00
32,2.01327528e-04,1.69940116e+00,5.00000000e+00
33,2.34881960e-04,1.92015957e+00,5.00000000e+00
34,2.68436392e-04,2.12615269e+00,5.00000000e+00
35,3.01990824e-04,2.31836810e+00,5.00000000e+00
36,3.35545256e-04,2.49772731e+00,5.00000000e+00
37,3.69099688e-04,2.66509019e+00,5.00000000e+00
38,4.02654120e-04,2.82125911e+00,5.00000000e+00
39,4.36208552e-04,2.96698278e+00,5.00000000e+00
40,4.69762984e-04,3.10295982e+00,5.00000000e+00
41,5.00001000e-04,3.21768065e+00,5.00000000e+00
42,5.00001006e-04,3.21768067e+00,4.96875000e+00
43,5.00001012e-04,3.21768070e+00,4.93750000e+00
44,5.00001025e-04,3.21768074e+00,4.87500000e+00
45,5.00001050e-04,3.21768082e+00,4.75000000e+00
46,5.00001100e-04,3.21768097e+00,4.50000000e+00
47,5.00001200e-04,3.21768118e+00,4.00000000e+00
48,5.00001400e-04,3.21768130e+00,3.00000000e+00
49,5.00001800e-04,3.21768029e+00,1.00000000e+00
50,5.00002000e-04,3.21767917e+00,-7.87254706e-11
51,5.00002080e-04,3.21767864e+00,0.00000000e+00
52,5.00002240e-04,3.21767758e+00,0.00000000e+00
53,5.00002560e-04,3.21767545e+00,0.00000000e+00
54,5.00003200e-04,3.21767121e+00,0.00000000e+00
55,5.00004480e-04,3.21766271e+00,0.00000000e+00
56,5.00007040e-04,3.21764573e+00,0.00000000e+00
57,5.00012160e-04,3.21761175e+00,0.00000000e+00
58,5.00022400e-04,3.21754380e+00,0.00000000e+00
59,5.00042880e-04,3.21740791e+00,0.00000000e+00
60,5.00083840e-04,3.21713615e+00,0.00000000e+00
61,5.00165760e-04,3.21659268e+00,0.00000000e+00
62,5.00329600e-04,3.21550604e+00,0.00000000e+00
63,5.00657280e-04,3.21333384e+00,0.00000000e+00
64,5.01312640e-04,3.20899384e+00,0.00000000e+00
65,5.02623360e-04,3.20033143e+00,0.00000000e+00
66,5.05244800e-04,3.18307665e+00,0.00000000e+00
67,5.10487680e-04,3.14884544e+00,0.00000000e+00
68,5.20973440e-04,3.08148149e+00,0.00000000e+00
69,5.41944960e-04,2.95103124e+00,0.00000000e+00
70,5.62916480e-04,2.82610341e+00,0.00000000e+00
71,5.83888000e-04,2.70646423e+00,0.00000000e+00
72,6.04859520e-04,2.59188982e+00,0.00000000e+00
73,6.25831040e-04,2.48216575e+00,0.00000000e+00
74,6.46802560e-04,2.37708669e+00,0.00000000e+00
75,6.67774080e-04,2.27645602e+00,0.00000000e+00
76,6.88745600e-04,2.18008540e+00,0.00000000e+00
77,7.09717120e-04,2.08779450e+00,0.00000000e+00
78,7.30688640e-04,1.99941061e+00,0.00000000e+00
79,7.51660160e-04,1.91476833e+00,0.00000000e+00
80,7.72631680e-04,1.83370926e+00,0.00000000e+00
81,7.93603200e-04,1.75608171e+00,0.00000000e+00
82,8.14574720e-04,1.68174042e+00,0.00000000e+00
83,8.35546240e-04,1.61054627e+00,0.00000000e+00
84,8.56517760e-04,1.54236602e+00,0.00000000e+00
85,8.77489280e-04,1.47707209e+00,0.00000000e+00
86,8.98460800e-04,1.41454228e+00,0.00000000e+00
87,9.19432320e-04,1.35465959e+00,0.00000000e+00
88,9.40403840e-04,1.29731195e+00,0.00000000e+00
89,9.61375360e-04,1.24239205e+00,0.00000000e+00
90,9.82346880e-04,1.18979710e+00,0.00000000e+00
91,1.00000000e-03,1.14725618e+00,0.00000000e+00
92,1.00000001e-03,1.14725617e+00,3.12500004e-02
93,1.00000001e-03,1.14725616e+00,5.42332043e-02
94,1.00000002e-03,1.14725613e+00,1.00199613e-01
95,1.00000004e-03,1.14725610e+00,1.92132431e-01
96,1.00000008e-03,1.14725603e+00,3.75998066e-01
97,1.00000015e-03,1.14725594e+00,7.43729336e-01
98,1.00000030e-03,1.14725593e+00,1.47919188e+00
99,1.00000059e-03,1.14725658e+00,2.95011696e+00
100,1.00000100e-03,1.14725897e+00,5.00000000e+00
101,1.00000106e-03,1.14725944e+00,5.00000000e+00
102,1.00000118e-03,1.14726037e+00,5.00000000e+00
103,1.00000141e-03,1.14726224e+00,5.00000000e+00
104,1.00000188e-03,1.14726598e+00,5.00000000e+00
105,1.00000282e-03,1.14727346e+00,5.00000000e+00
106,1.00000471e-03,1.14728842e+00,5.00000000e+00
107,1.00000847e-03,1.14731834e+00,5.00000000e+00
108,1.00001600e-03,1.14737818e+00,5.00000000e+00
109,1.00003107e-03,1.14749785e+00,5.00000000e+00
110,1.00006119e-03,1.14773718e+00,5.00000000e+00
111,1.00012144e-03,1.14821579e+00,5.00000000e+00
112,1.00024194e-03,1.14917284e+00,5.00000000e+00
113,1.00048293e-03,1.15108623e+00,5.00000000e+00
114,1.00096493e-03,1.15491016e+00,5.00000000e+00
115,1.00192891e-03,1.16254662e+00,5.00000000e+00
116,1.00385688e-03,1.17777410e+00,5.00000000e+00
117,1.00771282e-03,1.20804813e+00,5.00000000e+00
118,1.01542471e-03,1.26787967e+00,5.00000000e+00
119,1.03084848e-03,1.38473276e+00,5.00000000e+00
120,1.06169601e-03,1.60763207e+00,5.00000000e+00
121,1.09254355e-03,1.81678852e+00,5.00000000e+00
122,1.12339108e-03,2.01304944e+00,5.00000000e+00
123,1.15423861e-03,2.19720988e+00,5.00000000e+00
124,1.18508615e-03,2.37001591e+00,5.00000000e+00
125,1.21593368e-03,2.53216759e+00,5.00000000e+00
126,1.24678122e-03,2.68432180e+00,5.00000000e+00
127,1.27762875e-03,2.82709495e+00,5.00000000e+00
128,1.30847629e-03,2.96106541e+00,5.00000000e+00
129,1.33932382e-03,3.08677593e+00,5.00000000e+00
130,1.37017136e-03,3.20473577e+00,5.00000000e+00
131,1.40101889e-03,3.31542279e+00,5.00000000e+00
132,1.43186643e-03,3.41928540e+00,5.00000000e+00
133,1.49356150e-03,3.60837419e+00,5.00000000e+00
134,1.50000100e-03,3.62673312e+00,5.00000000e+00
135,1.50000101e-03,3.62673314e+00,4.96875000e+00
136,1.50000101e-03,3.62673316e+00,4.93750000e+00
137,1.50000103e-03,3.62673319e+00,4.87500000e+00
138,1.50000105e-03,3.62673325e+00,4.75000000e+00
139,1.50000110e-03,3.62673335e+00,4.50000000e+00
140,1.50000120e-03,3.62673348e+00,4.00000000e+00
141,1.50000140e-03,3.62673343e+00,3.00000000e+00
142,1.50000180e-03,3.62673209e+00,1.00000000e+00
143,1.50000200e-03,3.62673080e+00,1.00547659e-09
144,1.50000208e-03,3.62673020e+00,0.00000000e+00
145,1.50000224e-03,3.62672900e+00,0.00000000e+00
146,1.50000256e-03,3.62672661e+00,0.00000000e+00
147,1.50000320e-03,3.62672182e+00,0.00000000e+00
148,1.50000448e-03,3.62671225e+00,0.00000000e+00
149,1.50000704e-03,3.62669310e+00,0.00000000e+00
150,1.50001216e-03,3.62665481e+00,0.00000000e+00
151,1.50002240e-03,3.62657822e+00,0.00000000e+00
152,1.50004288e-03,3.62642506e+00,0.00000000e+00
153,1.50008384e-03,3.62611874e+00,0.00000000e+00
154,1.50016576e-03,3.62550619e+00,0.00000000e+00
155,1.50032960e-03,3.62428140e+00,0.00000000e+00
156,1.50065728e-03,3.62183306e+00,0.00000000e+00
157,1.50131264e-03,3.61694134e+00,0.00000000e+00
158,1.50262336e-03,3.60717770e+00,0.00000000e+00
159,1.50524480e-03,3.58772939e+00,0.00000000e+00
160,1.51048768e-03,3.54914649e+00,0.00000000e+00
161,1.52097344e-03,3.47321881e+00,0.00000000e+00
162,1.54194496e-03,3.32618490e+00,0.00000000e+00
163,1.56291648e-03,3.18537546e+00,0.00000000e+00
164,1.58388800e-03,3.05052700e+00,0.00000000e+00
165,1.60485952e-03,2.92138716e+00,0.00000000e+00
166,1.62583104e-03,2.79771428e+00,0.00000000e+00
167,1.64680256e-03,2.67927691e+00,0.00000000e+00
168,1.66777408e-03,2.56585343e+00,0.00000000e+00
169,1.68874560e-03,2.45723158e+00,0.00000000e+00
170,1.70971712e-03,2.35320808e+00,0.00000000e+00
171,1.73068864e-03,2.25358827e+00,0.00000000e+00
172,1.75166016e-03,2.15818573e+00,0.00000000e+00
173,1.77263168e-03,2.06682192e+00,0.00000000e+00
174,1.79360320e-03,1.97932587e+00,0.00000000e+00
175,1.81457472e-03,1.89553385e+00,0.00000000e+00
176,1.83554624e-03,1.81528905e+00,0.00000000e+00
177,1.85651776e-03,1.73844130e+00,0.00000000e+00
178,1.87748928e-03,1.66484679e+00,0.00000000e+00
179,1.89846080e-03,1.59436780e+00,0.00000000e+00
180,1.91943232e-03,1.52687245e+00,0.00000000e+00
181,1.94040384e-03,1.46223441e+00,0.00000000e+00
182,1.96137536e-03,1.40033274e+00,0.00000000e+00
183,1.98234688e-03,1.34105159e+00,0.00000000e+00
184,2.00000000e-03,1.29310261e+00,0.00000000e+00
End of Xyce(TM) Simulation
